-7.990000 0.155295 0.000000 0.000000 0.155295
-7.970000 0.163059 0.000000 0.000000 0.163059
-7.950000 0.147530 0.000000 0.000000 0.147530
-7.930000 0.170824 0.000000 0.000000 0.170824
-7.910000 0.133942 0.000000 0.000000 0.133942
-7.890000 0.145589 0.000000 0.000000 0.145589
-7.870000 0.132000 0.000000 0.000000 0.132000
-7.850000 0.132000 0.000000 0.000000 0.132000
-7.830000 0.141706 0.000000 0.000000 0.141706
-7.810000 0.149470 0.000000 0.000000 0.149470
-7.790000 0.108706 0.000000 0.000000 0.108706
-7.770000 0.143647 0.000000 0.000000 0.143647
-7.750000 0.143647 0.000000 0.000000 0.143647
-7.730000 0.143647 0.000000 0.000000 0.143647
-7.710000 0.116471 0.000000 0.000000 0.116471
-7.690000 0.155295 0.000000 0.000000 0.155295
-7.670000 0.141706 0.000000 0.000000 0.141706
-7.650000 0.133942 0.000000 0.000000 0.133942
-7.630000 0.151412 0.000000 0.000000 0.151412
-7.610000 0.166942 0.000000 0.000000 0.166942
-7.590000 0.135882 0.000000 0.000000 0.135882
-7.570000 0.151412 0.000000 0.000000 0.151412
-7.550000 0.143647 0.000000 0.000000 0.143647
-7.530000 0.143647 0.000000 0.000000 0.143647
-7.510000 0.139765 0.000000 0.000000 0.139765
-7.490000 0.149470 0.000000 0.000000 0.149470
-7.470000 0.130059 0.000000 0.000000 0.130059
-7.450000 0.159177 -0.025488 -5.488565 -5.354876
-7.430000 0.161118 -0.025488 -5.488565 -5.352934
-7.410000 0.157235 -0.025488 -5.488565 -5.356818
-7.390000 0.184412 -0.025488 -5.488565 -5.329641
-7.370000 0.139765 -0.025488 -5.488565 -5.374288
-7.350000 0.165000 -0.025488 -5.488565 -5.349053
-7.330000 0.145589 -0.025488 -5.488565 -5.368464
-7.310000 0.133942 -0.025488 -5.488565 -5.380111
-7.290000 0.161118 -0.025488 -5.488565 -5.352934
-7.270000 0.139765 -0.025488 -5.488565 -5.374288
-7.250000 0.155295 -0.025488 -5.488565 -5.358758
-7.230000 0.135882 -0.025488 -5.488565 -5.378170
-7.210000 0.149470 -0.025488 -5.488565 -5.364583
-7.190000 0.159177 -0.025488 -5.488565 -5.354876
-7.170000 0.159177 -0.025488 -5.488565 -5.354876
-7.150000 0.157235 -0.025488 -5.488565 -5.356818
-7.130000 0.143647 -0.025488 -5.488565 -5.370406
-7.110000 0.166942 -0.025488 -5.488565 -5.347111
-7.090000 0.155295 -0.025488 -5.488565 -5.358758
-7.070000 0.153354 -0.025488 -5.488565 -5.360700
-7.050000 0.151412 -0.025488 -5.488565 -5.362641
-7.030000 0.151412 -0.025488 -5.488565 -5.362641
-7.010000 0.168883 -0.025488 -5.488565 -5.345170
-6.990000 0.157235 -0.025488 -5.488565 -5.356818
-6.970000 0.153354 -0.025488 -5.488565 -5.360700
-6.950000 0.168883 -0.025488 -5.488565 -5.345170
-6.930000 0.159177 -0.025488 -5.488565 -5.354876
-6.910000 0.172765 -0.025488 -5.488565 -5.341288
-6.890000 0.168883 -0.025488 -5.488565 -5.345170
-6.870000 0.147530 -0.025488 -5.488565 -5.366523
-6.850000 0.184412 -0.025488 -5.488565 -5.329641
-6.830000 0.174707 -0.171038 -0.032687 -0.029018
-6.810000 0.151412 -0.171038 -0.032687 -0.052312
-6.790000 0.178588 -0.171038 -0.032687 -0.025136
-6.770000 0.186353 -0.171038 -0.032687 -0.017371
-6.750000 0.194118 -0.171038 -0.032687 -0.009606
-6.730000 0.178588 -0.171038 -0.032687 -0.025136
-6.710000 0.188295 -0.171038 -0.032687 -0.015430
-6.690000 0.165000 -0.171038 -0.032687 -0.038724
-6.670000 0.196060 -0.171038 -0.032687 -0.007665
-6.650000 0.166942 -0.171038 -0.032687 -0.036783
-6.630000 0.229060 -0.171038 -0.032687 0.025335
-6.610000 0.166942 -0.171038 -0.032687 -0.036783
-6.590000 0.198000 -0.171038 -0.032687 -0.005724
-6.570000 0.168883 -0.171038 -0.032687 -0.034841
-6.550000 0.172765 -0.171038 -0.032687 -0.030959
-6.530000 0.166942 -0.171038 -0.032687 -0.036783
-6.510000 0.188295 -0.171038 -0.032687 -0.015430
-6.490000 0.188295 -0.171038 -0.032687 -0.015430
-6.470000 0.215471 -0.171038 -0.032687 0.011747
-6.450000 0.196060 -0.171038 -0.032687 -0.007665
-6.430000 0.190235 -0.171038 -0.032687 -0.013489
-6.410000 0.186353 -0.171038 -0.032687 -0.017371
-6.390000 0.196060 -0.171038 -0.032687 -0.007665
-6.370000 0.184412 -0.171038 -0.032687 -0.019313
-6.350000 0.188295 -0.034674 -1.484125 -1.330504
-6.330000 0.196060 -0.034674 -1.484125 -1.322739
-6.310000 0.182472 -0.034674 -1.484125 -1.336328
-6.290000 0.194118 -0.034674 -1.484125 -1.324681
-6.270000 0.184412 -0.034674 -1.484125 -1.334387
-6.250000 0.205765 -0.034674 -1.484125 -1.313034
-6.230000 0.170824 -0.034674 -1.484125 -1.347976
-6.210000 0.215471 -0.034674 -1.484125 -1.303328
-6.190000 0.196060 -0.034674 -1.484125 -1.322739
-6.170000 0.207706 -0.034674 -1.484125 -1.311093
-6.150000 0.188295 -0.034674 -1.484125 -1.330504
-6.130000 0.196060 -0.034674 -1.484125 -1.322739
-6.110000 0.201883 -0.034674 -1.484125 -1.316916
-6.090000 0.194118 -0.034674 -1.484125 -1.324681
-6.070000 0.172765 -0.034674 -1.484125 -1.346034
-6.050000 0.161118 -0.034674 -1.484125 -1.357681
-6.030000 0.176647 -0.034674 -1.484125 -1.342152
-6.010000 0.161118 -0.034674 -1.484125 -1.357681
-5.990000 0.186353 -0.034674 -1.484125 -1.332446
-5.970000 0.190235 -0.034674 -1.484125 -1.328564
-5.950000 0.172765 -0.034674 -1.484125 -1.346034
-5.930000 0.178588 -0.034674 -1.484125 -1.340211
-5.910000 0.159177 -0.034674 -1.484125 -1.359622
-5.890000 0.176647 -0.034674 -1.484125 -1.342152
-5.870000 0.141706 -0.034674 -1.484125 -1.377094
-5.850000 0.165000 -0.034674 -1.484125 -1.353799
-5.830000 0.139765 -0.034674 -1.484125 -1.379034
-5.810000 0.166942 -0.034674 -1.484125 -1.351857
-5.790000 0.147530 -0.034674 -1.484125 -1.371269
-5.770000 0.128117 -0.034674 -1.484125 -1.390682
-5.750000 0.153354 -0.034674 -1.484125 -1.365446
-5.730000 0.147530 -0.034674 -1.484125 -1.371269
-5.710000 0.161118 -0.927543 -2.255292 -3.021717
-5.690000 0.139765 -0.927543 -2.255292 -3.043070
-5.670000 0.149470 -0.927543 -2.255292 -3.033365
-5.650000 0.163059 -0.927543 -2.255292 -3.019776
-5.630000 0.198000 -0.927543 -2.255292 -2.984835
-5.610000 0.203825 -0.927543 -2.255292 -2.979011
-5.590000 0.196060 -0.927543 -2.255292 -2.986775
-5.570000 0.192177 -0.021178 -1.032824 -0.861825
-5.550000 0.192177 -0.021178 -1.032824 -0.861825
-5.530000 0.178588 -0.021178 -1.032824 -0.875414
-5.510000 0.174707 -0.021178 -1.032824 -0.879295
-5.490000 0.213530 -0.021178 -1.032824 -0.840472
-5.470000 0.227118 -0.021178 -1.032824 -0.826884
-5.450000 0.260118 -0.931417 -5.892481 -6.563781
-5.430000 0.310589 -0.931417 -5.892481 -6.513309
-5.410000 0.265942 -0.931417 -5.892481 -6.557956
-5.390000 0.312530 -0.931417 -5.892481 -6.511368
-5.370000 0.339707 -0.931417 -5.892481 -6.484191
-5.350000 0.351354 -0.931417 -5.892481 -6.472545
-5.330000 0.335824 -0.931417 -5.892481 -6.488074
-5.310000 0.357177 -0.931417 -5.892481 -6.466722
-5.290000 0.370765 -0.931417 -5.892481 -6.453133
-5.270000 0.413471 -0.931417 -5.892481 -6.410427
-5.250000 0.491119 -0.931417 -5.892481 -6.332779
-5.230000 0.561002 -0.931417 -5.892481 -6.262897
-5.210000 0.568766 -0.931417 -5.892481 -6.255132
-5.190000 0.751237 -0.931417 -5.892481 -6.072661
-5.170000 0.790061 -0.931417 -5.892481 -6.033837
-5.150000 0.856061 -0.931417 -5.892481 -5.967837
-5.130000 0.982238 -0.931417 -5.892481 -5.841660
-5.110000 1.061826 -0.931417 -5.892481 -5.762073
-5.090000 1.259827 -0.931417 -5.892481 -5.564072
-5.070000 1.618946 -0.931417 -5.892481 -5.204953
-5.050000 1.659710 -0.931417 -5.892481 -5.164188
-5.030000 1.896535 -0.931417 -5.892481 -4.927364
-5.010000 2.143064 -0.931417 -5.892481 -4.680834
-4.990000 2.554594 -111.207565 -70.313210 -178.966187
-4.970000 2.812772 -111.207565 -70.313210 -178.708008
-4.950000 3.218478 -111.207565 -70.313210 -178.302307
-4.930000 3.439773 -94.288406 -131.408752 -222.257385
-4.910000 3.907598 -94.288406 -131.408752 -221.789551
-4.890000 4.326893 -94.288406 -131.408752 -221.370270
-4.870000 4.922836 -94.288406 -131.408752 -220.774323
-4.850000 5.231484 -94.288406 -131.408752 -220.465668
-4.830000 6.095310 -206.845779 -250.336456 -451.086914
-4.810000 6.935840 -206.845779 -250.336456 -450.246399
-4.790000 7.518196 -346.831390 -486.823486 -826.136719
-4.770000 8.308256 -346.831390 -486.823486 -825.346619
-4.750000 8.921669 -346.831390 -486.823486 -824.733215
-4.730000 9.290495 -714.542114 -638.732178 -1343.983887
-4.710000 10.197025 -796.853577 -710.874634 -1497.531250
-4.690000 11.105498 -796.853577 -710.874634 -1496.622803
-4.670000 11.672324 -358.869141 -937.544373 -1284.741211
-4.650000 12.464326 -1062.507202 -1207.808105 -2257.851074
-4.630000 13.106857 -2351.625488 -1278.439453 -3616.958008
-4.610000 13.871682 -2451.241943 -1367.388428 -3804.758789
-4.590000 14.826743 -1827.238647 -1515.874756 -3328.286621
-4.570000 15.698335 -1580.597656 -1521.962769 -3086.862061
-4.550000 15.777923 -3481.018555 -1809.607788 -5274.848633
-4.530000 16.496159 -4097.237793 -2034.687378 -6115.429199
-4.510000 17.299809 -2943.180176 -2336.298828 -5262.179199
-4.490000 17.876341 -3036.714355 -1871.510254 -4890.348633
-4.470000 18.617870 -2921.654297 -2146.831543 -5049.868164
-4.450000 19.044930 -2146.122070 -1477.119873 -3604.197021
-4.430000 19.664167 -1558.216431 -1179.724365 -2718.276611
-4.410000 20.149464 1534.828125 -922.871094 632.106445
-4.390000 20.409580 -4584.683105 -1495.395508 -6059.668945
-4.370000 21.195759 -7671.862793 -1770.911377 -9421.578125
-4.350000 21.403465 -5342.505859 -2050.709473 -7371.812012
-4.330000 21.318056 -3719.855225 -2828.275879 -6526.812988
-4.310000 21.894585 -3370.024658 -3235.713135 -6583.843262
-4.290000 22.309998 -4016.129395 -3537.924316 -7531.743652
-4.270000 22.531294 -9800.118164 -2519.643799 -12297.230469
-4.250000 22.383760 8713.397461 -1933.015503 6802.765625
-4.230000 22.731234 -4904.958984 -2108.046631 -6990.274414
-4.210000 22.876822 -6342.655762 -3207.812988 -9527.591797
-4.190000 22.900118 -9410.654297 -3333.626709 -12721.380859
-4.170000 23.785295 -7149.734375 -3535.077637 -10661.027344
-4.150000 23.826061 -6366.115234 -3354.968506 -9697.257812
-4.130000 23.595060 -6303.189453 -3146.736572 -9426.331055
-4.110000 23.783356 -7407.988770 -3350.893555 -10735.099609
-4.090000 23.575647 -5262.784180 -3330.124756 -8569.333008
-4.070000 23.936708 2867.029785 -4039.080322 -1148.113770
-4.050000 24.059002 -6636.268555 -3676.204590 -10288.414062
-4.030000 24.169649 -6007.208984 -2704.992676 -8688.032227
-4.010000 24.542356 -11502.579102 -2121.055420 -13599.092773
-3.990000 24.697651 -3038.356201 -762.266235 -3775.924805
-3.970000 24.511297 -2808.130127 -1041.708618 -3825.327637
-3.950000 24.268650 744.077637 -591.951050 176.395264
-3.930000 24.546238 -4911.897949 -1152.586548 -6039.937988
-3.910000 24.761709 -1835.289673 -826.200012 -2636.728027
-3.890000 24.594769 -4769.800781 -724.541321 -5469.747559
-3.870000 24.647179 113.752953 -246.686905 -108.286774
-3.850000 24.819946 27.574181 -266.154236 -213.760101
-3.830000 25.208181 -2167.250000 -1969.944702 -4111.986328
-3.810000 24.590885 -1470.809814 -1433.975952 -2880.194824
-3.790000 25.190712 -3850.011230 -1073.695679 -4898.516113
-3.770000 24.971357 -7088.934570 -1850.915039 -8914.878906
-3.750000 24.505472 -6304.461914 -2061.623535 -8341.580078
-3.730000 24.326885 -2966.313965 -1612.895996 -4554.882812
-3.710000 24.218180 4529.940918 -1482.881836 3071.277344
-3.690000 25.080063 5650.694824 -2596.096436 3079.678467
-3.670000 24.755884 -3668.256104 -3859.670410 -7503.170898
-3.650000 25.157711 1790.876221 -3751.553467 -1935.519531
-3.630000 24.691826 1696.392090 -3515.727539 -1794.643677
-3.610000 25.410065 244.395035 -3110.932617 -2841.127441
-3.590000 25.188770 -5114.853027 -3205.451416 -8295.115234
-3.570000 25.380947 -7300.486816 -3448.912842 -10724.018555
-3.550000 24.676298 -7802.810059 -2246.821533 -10024.955078
-3.530000 25.192652 -6946.458984 -2612.553467 -9533.819336
-3.510000 25.831301 -3901.050049 -2983.001465 -6858.220215
-3.490000 25.400358 -4744.559082 -2265.785645 -6984.944336
-3.470000 25.157711 2013.134033 -3553.537842 -1515.246094
-3.450000 24.977182 2478.397217 -2816.568115 -313.193604
-3.430000 25.303301 -375.016602 -2742.219482 -3091.932861
-3.410000 25.062593 -1456.669067 -1172.371582 -2603.978027
-3.390000 25.082005 -321.549683 -645.456604 -941.924316
-3.370000 25.052885 5236.437012 -288.798615 4972.690918
-3.350000 24.959711 1760.144775 -686.562439 1098.541992
-3.330000 25.068417 1654.958374 -934.172607 745.854126
-3.310000 24.783064 581.388184 -1976.825806 -1370.654541
-3.290000 25.479946 -182.730835 -1858.631836 -2015.882690
-3.270000 25.146065 -3627.624512 -2945.810547 -6548.289062
-3.250000 25.346006 -4822.496094 -3731.278320 -8528.427734
-3.230000 25.415890 -5264.814453 -3292.316895 -8531.714844
-3.210000 25.101416 -713.104614 -2766.204102 -3454.207275
-3.190000 25.188770 -564.194824 -2938.088135 -3477.094238
-3.170000 25.485771 -5134.017090 -2974.498291 -8083.029297
-3.150000 24.887886 -3222.195068 -2664.689453 -5861.996582
-3.130000 24.986887 7101.709961 -2942.321289 4184.375488
-3.110000 24.901476 3020.890625 -3302.846436 -257.054443
-3.090000 25.691536 544.811707 -2879.528564 -2309.025391
-3.070000 25.505182 -3292.703125 -2768.290039 -6035.488281
-3.050000 26.054535 1165.194580 -2839.340820 -1648.091675
-3.030000 25.289711 -7425.258789 -3104.989990 -10504.958984
-3.010000 24.699591 -1692.988525 -2836.629639 -4504.918457
-2.990000 24.802473 -2575.801758 -2880.748047 -5431.747070
-2.970000 25.089771 -1628.378174 -3976.596436 -5579.884766
-2.950000 25.014065 5764.828613 -2677.174805 3112.667969
-2.930000 25.082005 -5378.236816 -3802.573730 -9155.728516
-2.910000 25.239239 -4458.376465 -4072.649902 -8505.787109
-2.890000 25.332418 -1456.788452 -4698.931641 -6130.387695
-2.870000 25.173241 -4155.622070 -5161.141113 -9291.589844
-2.850000 24.986887 -4452.558105 -4649.994629 -9077.566406
-2.830000 25.210121 -3411.754883 -4423.278320 -7809.823242
-2.810000 25.662418 -5761.960938 -4865.740234 -10602.039062
-2.790000 25.208181 -7233.244141 -4719.141113 -11927.177734
-2.770000 24.944180 5150.072754 -4726.809082 448.208008
-2.750000 25.225653 -4735.364746 -4567.927246 -9278.066406
-2.730000 25.505182 -7539.860840 -3816.052002 -11330.407227
-2.710000 25.588654 -2016.433960 -1840.278931 -3831.124268
-2.690000 25.149946 668.127136 -1588.926025 -895.648926
-2.670000 25.285830 2320.951904 -1471.375488 874.862305
-2.650000 25.181005 -2963.680908 -1831.955566 -4770.455566
-2.630000 25.590593 -1813.981323 -1705.660889 -3494.051758
-2.610000 24.950005 971.346680 -1369.849609 -373.552917
-2.590000 25.223711 3277.998535 -1115.074341 2188.147949
-2.570000 25.291653 8442.551758 -1102.417969 7365.425781
-2.550000 24.579239 5557.020996 -767.870300 4813.729980
-2.530000 25.478006 2187.731689 -211.072250 2002.137451
-2.510000 24.903418 2630.070801 -493.006104 2161.968018
-2.490000 25.538181 -2531.748047 -1100.159058 -3606.369141
-2.470000 25.427534 -1800.014893 -898.728149 -2673.315430
-2.450000 25.142181 -2127.746094 24.422428 -2078.181641
-2.430000 25.429476 -3813.048096 -813.288513 -4600.907227
-2.410000 25.367359 -3479.682861 -1466.693604 -4921.008789
-2.390000 25.773066 -5000.114258 -1622.218262 -6596.559570
-2.370000 25.186829 -5993.663086 -1816.028320 -7784.504395
-2.350000 24.742298 -3435.372559 -1298.729736 -4709.360352
-2.330000 25.375124 -6503.040039 -1546.108276 -8023.773438
-2.310000 25.460533 3978.097656 -1275.707397 2727.850586
-2.290000 25.357653 4260.558594 -1804.312744 2481.603271
-2.270000 25.313007 5726.110840 -1330.955444 4420.468262
-2.250000 25.289711 7530.181152 -1602.763672 5952.707031
-2.230000 24.847122 -806.168518 -1737.552979 -2518.874512
-2.210000 25.305241 -4170.718262 -2405.871094 -6551.284180
-2.190000 25.433357 -3614.803467 -3275.823975 -6865.194336
-2.170000 25.217888 -582.548950 -3998.342529 -4555.673828
-2.150000 25.318829 64.919312 -3820.043457 -3729.805420
-2.130000 25.596418 -1611.803833 -4770.739258 -6356.946777
-2.110000 25.248945 -3496.512695 -5004.411621 -8475.675781
-2.090000 25.041241 -3780.733887 -5500.574707 -9256.267578
-2.070000 24.796650 -5099.520020 -6149.708008 -11224.431641
-2.050000 25.072298 -5029.269531 -5850.327148 -10854.524414
-2.030000 25.116947 5698.510742 -5798.754395 -75.126465
-2.010000 25.122770 -3178.884521 -5767.343750 -8921.105469
-1.990000 25.408123 -1666.515137 -5583.790039 -7224.896973
-1.970000 25.149946 -3086.010010 -4743.935059 -7804.794922
-1.950000 25.677946 -2748.065186 -4952.400391 -7674.787598
-1.930000 25.303301 -7697.855957 -4688.173340 -12360.726562
-1.910000 25.274183 -7513.255859 -4683.273438 -12171.254883
-1.890000 25.280005 2076.656250 -5364.477539 -3262.541260
-1.870000 25.326593 -3391.909424 -4588.173828 -7954.756836
-1.850000 25.373182 -6082.092285 -3857.391602 -9914.111328
-1.830000 24.833532 3977.262939 -4415.523438 -413.427002
-1.810000 25.083946 -7580.632324 -4711.767090 -12267.315430
-1.790000 25.443066 -6215.983887 -5091.796387 -11282.337891
-1.770000 25.404240 -4759.572266 -5097.522949 -9831.691406
-1.750000 24.880121 -1595.539429 -4521.509277 -6092.168457
-1.730000 24.994652 16962.537109 -4586.349121 12401.181641
-1.710000 24.907297 -25434.896484 -3077.200928 -28487.189453
-1.690000 25.580889 -2809.792236 -1674.196167 -4458.407715
-1.670000 25.182945 -3259.594238 -1305.135742 -4539.546875
-1.650000 25.227594 -4653.836914 -772.418884 -5401.028320
-1.630000 25.196535 -784.560486 -661.409729 -1420.773682
-1.610000 25.666300 -2397.737061 1.940334 -2370.130371
-1.590000 25.446947 -228.358124 -1358.883179 -1561.794312
-1.570000 25.536240 3700.157227 -902.526794 2823.166504
-1.550000 24.998533 10779.047852 -71.288513 10732.757812
-1.530000 25.004358 -135.954300 1184.337036 1073.387085
-1.510000 25.115005 -3145.725342 1310.035278 -1810.575073
-1.490000 25.056768 -631.256958 -57.532383 -663.732605
-1.470000 25.128592 773.399231 84.880806 883.408630
-1.450000 24.722885 219.767639 24.207373 268.697906
-1.430000 24.808298 4033.571533 440.887268 4499.267090
-1.410000 24.687944 -819.172852 -179.157120 -973.642029
-1.390000 25.396477 -561.051453 -1967.628540 -2503.283447
-1.370000 25.592535 2348.132080 -2721.162354 -347.437744
-1.350000 25.291653 773.531128 -2959.039062 -2160.216309
-1.330000 25.301359 1034.457520 -2868.557617 -1808.798706
-1.310000 25.460533 8635.474609 -1934.232178 6726.703125
-1.290000 25.351828 1900.208008 -2367.561523 -442.001709
-1.270000 25.344065 -4069.446289 -2161.648926 -6205.750977
-1.250000 25.650770 2471.514893 -3122.736572 -625.570801
-1.230000 25.328535 -5999.543945 -3135.865967 -9110.081055
-1.210000 25.260593 -797.208069 -2530.306641 -3302.254150
-1.190000 24.788887 -4260.863281 -2223.553711 -6459.627930
-1.170000 25.250887 -818.952820 -3079.722168 -3873.424072
-1.150000 25.074240 -372.953217 -2408.935791 -2756.814697
-1.130000 24.550121 -3903.135498 -3070.601807 -6949.187500
-1.110000 24.771416 -3535.340332 -3391.504883 -6902.073730
-1.090000 25.215946 -3107.684814 -3200.806152 -6283.274902
-1.070000 24.967476 -3803.436523 -4572.338379 -8350.807617
-1.050000 25.083946 -3796.475098 -4092.103027 -7863.494141
-1.030000 25.668242 -2585.463623 -2721.656982 -5281.452148
-1.010000 25.889536 -2133.590820 -2702.895264 -4810.596680
-0.990000 25.893419 1393.969360 -2145.440918 -725.578125
-0.970000 25.507124 -6543.880859 -585.215759 -7103.589355
-0.950000 24.895653 -6573.395996 153.889297 -6394.611328
-0.930000 25.565357 -6535.894043 1993.392334 -4516.936523
-0.910000 25.196535 -6210.696289 2144.956055 -4040.543457
-0.890000 25.332418 -5630.601562 2739.585693 -2865.683350
-0.870000 24.938358 -1508.462524 2265.525635 782.001465
-0.850000 25.012123 -516.186707 1928.548218 1437.373657
-0.830000 24.451120 -4057.386475 1315.761353 -2717.173828
-0.810000 24.748121 -5735.248535 875.088928 -4835.411621
-0.790000 24.691826 1162.673584 88.607170 1275.972534
-0.770000 24.936417 -4157.754883 371.528992 -3761.289307
-0.750000 25.190712 28384.203125 -422.741028 27986.654297
-0.730000 25.986595 -3925.729492 -1263.436035 -5163.178711
-0.710000 25.732300 -4464.203125 -743.151794 -5181.622559
-0.690000 25.695417 -1793.918579 -1388.633179 -3156.856445
-0.670000 25.813829 -3110.859863 -2449.378174 -5534.424316
-0.650000 24.874298 -3441.642090 -2262.823242 -5679.590820
-0.630000 25.611946 -6191.273926 -3725.028809 -9890.691406
-0.610000 25.874006 -7175.850098 -3061.466309 -10211.442383
-0.590000 25.113064 1589.881470 -2861.689697 -1246.695190
-0.570000 25.208181 -1716.005371 -2760.522217 -4451.319336
-0.550000 25.324652 -2959.499756 -2450.663086 -5384.837891
-0.530000 24.732592 -5079.552246 -2784.624023 -7839.443848
-0.510000 24.161886 -2401.413086 -2347.440186 -4724.691406
-0.490000 24.812180 -2556.698730 -2111.359131 -4643.245605
-0.470000 24.785004 -6920.591797 -2188.513672 -9084.320312
-0.450000 24.763651 -5839.490234 -2407.504883 -8222.231445
-0.430000 24.682123 -7497.083984 -2208.034180 -9680.435547
-0.410000 25.163532 -7760.280273 -3035.729004 -10770.845703
-0.390000 25.693478 2083.852051 -1453.121338 656.424072
-0.370000 25.844889 3188.745361 -1600.346802 1614.243530
-0.350000 25.676004 -4347.847656 -1651.927124 -5974.099121
-0.330000 25.990479 -6253.614746 -835.585999 -7063.209961
-0.310000 25.431416 2322.476562 -450.879852 1897.028076
-0.290000 24.984945 492.526398 -1011.177246 -493.665894
-0.270000 25.243122 -4617.134766 -568.690369 -5160.582031
-0.250000 25.019886 -4410.619629 -117.045296 -4502.645020
-0.230000 25.196535 -2187.168945 -20.300680 -2182.273193
-0.210000 24.994652 -1822.268188 -613.054871 -2410.328369
-0.190000 24.744240 -2373.450439 -1378.412354 -3727.118652
-0.170000 25.186829 66449.093750 -1687.244873 64787.035156
-0.150000 24.804415 3987.126953 -257.181610 3754.749756
-0.130000 25.115005 -4365.329102 -244.240402 -4584.454102
-0.110000 25.113064 -2672.851807 -1293.747681 -3941.486328
-0.090000 24.951946 -5697.398926 -2312.759277 -7985.206055
-0.070000 25.367359 -467.566223 -3103.099854 -3545.298828
-0.050000 25.394535 123.391205 -2840.873535 -2692.087891
-0.030000 25.250887 -4784.127441 -3754.961182 -8513.837891
-0.010000 25.417830 -3727.546631 -3694.483887 -7396.612793
0.010000 25.402300 -6420.915527 -3892.138184 -10287.651367
0.030000 25.095592 -5209.173340 -3666.603027 -8850.680664
0.050000 25.464417 -7449.497070 -3947.259277 -11371.291992
0.070000 25.116947 -4500.864746 -3884.557373 -8360.304688
0.090000 24.746181 -11390.540039 -4224.980469 -15590.774414
0.110000 24.571476 -1331.883545 -4237.087891 -5544.399902
0.130000 24.866535 -2149.413574 -4957.934082 -7082.481445
0.150000 25.188770 -2988.064209 -5114.056152 -8076.931641
0.170000 25.295534 -7999.259277 -5141.789062 -13115.752930
0.190000 25.604181 -8762.170898 -4666.744141 -13403.310547
0.210000 25.474123 7064.974609 -2591.752441 4498.696289
0.230000 25.280005 -9037.403320 -3420.145508 -12432.268555
0.250000 25.965242 -8656.620117 -3828.997803 -12459.653320
0.270000 25.132475 1834.957642 -3108.069092 -1247.979004
0.290000 25.006300 -3406.410400 -3110.553711 -6491.958008
0.310000 25.445005 -5139.811523 -3729.613770 -8843.980469
0.330000 25.210121 -6452.837891 -3279.797119 -9707.424805
0.350000 25.089771 -4113.588379 -3335.105469 -7423.604004
0.370000 25.297476 -3756.747559 -3231.616699 -6963.066895
0.390000 25.476065 -4332.401855 -2764.799316 -7071.725098
0.410000 25.402300 -7699.685059 -2773.288086 -10447.570312
0.430000 25.427534 -4271.770996 -3008.808838 -7255.152344
0.450000 24.600594 -5612.499023 -3419.129639 -9007.028320
0.470000 25.111122 -1948.715454 -3135.306152 -5058.910645
0.490000 24.907297 -3510.974854 -2404.032959 -5890.100586
0.510000 24.994652 -4927.836914 -2768.951172 -7671.793457
0.530000 25.379005 -3382.755127 -2201.658447 -5559.034668
0.550000 25.029593 12187.073242 -3720.479980 8491.623047
0.570000 25.371241 -7453.649414 -3613.377930 -11041.656250
0.590000 25.330477 -2347.054199 -3822.580078 -6144.303711
0.610000 25.126654 -28.211210 -2648.646973 -2651.731445
0.630000 25.410065 -3465.708740 -2097.954346 -5538.252930
0.650000 25.116947 -3343.464355 -1465.687988 -4784.035156
0.670000 25.408123 185.727493 -1319.570435 -1108.434814
0.690000 25.617769 -3176.255859 -1537.276367 -4687.914551
0.710000 25.621653 -6425.367676 -1704.809326 -8104.555664
0.730000 25.287769 27.586250 -845.149231 -792.275208
0.750000 25.501299 683.312012 -1123.733887 -414.920593
0.770000 25.627478 -283.649445 -2934.540039 -3192.562012
0.790000 25.503241 825.778870 -1792.199829 -940.917725
0.810000 24.676298 -4253.650391 -1865.161377 -6094.135742
0.830000 25.130533 -5451.055176 -1526.933594 -6952.858398
0.850000 25.186829 -4095.655273 -931.943176 -5002.411621
0.870000 24.878181 -5099.333008 -788.901611 -5863.356445
0.890000 24.738417 -3239.334473 -1037.859619 -4252.455566
0.910000 24.713181 -3299.634521 -905.466431 -4180.387695
0.930000 25.033476 -1788.178833 -701.546265 -2464.691650
0.950000 24.889828 -2316.816650 -1859.617432 -4151.543945
0.970000 25.679888 -4627.723145 -640.052429 -5242.095703
0.990000 25.478006 -7027.625977 -1625.209229 -8627.357422
1.010000 25.472183 -5253.276855 -2131.214600 -7359.019531
1.030000 25.780830 -1565.623169 -2413.100342 -3952.942627
1.050000 25.188770 -2909.419922 -1842.278564 -4726.509766
1.070000 25.547888 177.794479 -1822.976807 -1619.634399
1.090000 25.217888 -4732.245117 -2474.927002 -7181.954102
1.110000 25.567299 15343.029297 -2651.741943 12716.854492
1.130000 24.773357 342.278442 -3322.690430 -2955.638672
1.150000 25.532358 10421.701172 -3311.670898 7135.562500
1.170000 25.247005 -3463.943604 -3784.454102 -7223.150391
1.190000 24.979124 -3953.277832 -2628.158203 -6556.457031
1.210000 25.190712 -3506.391357 -3351.092041 -6832.292969
1.230000 25.062593 -7388.568848 -2080.914062 -9444.419922
1.250000 24.406473 -4271.353516 -1912.580200 -6159.527344
1.270000 24.981062 128.220779 -1506.572144 -1353.370361
1.290000 25.043182 -5409.523438 -2512.806641 -7897.287109
1.310000 25.351828 -5875.617188 -2075.302734 -7925.567871
1.330000 25.860416 -905.654419 -1929.467041 -2809.260986
1.350000 25.660477 1459.169800 -2222.666748 -737.836426
1.370000 25.905066 5963.570801 -2412.756592 3576.719482
1.390000 25.421713 1536.993164 -3055.364990 -1492.950073
1.410000 25.219828 992.469971 -2621.810059 -1604.120239
1.430000 25.136356 47377.769531 -5154.673828 42248.234375
1.450000 25.509064 20687.427734 -2817.904785 17895.033203
1.470000 25.334358 -1974.233643 -3871.372070 -5820.271484
1.490000 24.870415 -2462.764893 -4413.555664 -6851.450195
1.510000 24.961651 -3731.179199 -5514.319824 -9220.537109
1.530000 24.852945 -1404.052490 -5923.255859 -7302.455566
1.550000 25.122770 806.648987 -5436.039062 -4604.267578
1.570000 25.316887 -1628.863159 -4881.264160 -6484.810547
1.590000 24.757826 1673.083740 -4238.563965 -2540.722412
1.610000 25.134417 -3440.864502 -4271.925781 -7687.655762
1.630000 25.268358 -2143.781006 -4790.110352 -6908.623047
1.650000 25.301359 8495.517578 -4520.543945 4000.275391
1.670000 25.697359 -3316.969727 -4140.476562 -7431.749023
1.690000 26.258362 -7162.871582 -2716.383789 -9852.997070
1.710000 25.804125 -3515.007080 -2269.199219 -5758.402344
1.730000 25.441124 -6550.254883 -2769.504395 -9294.318359
1.750000 24.981062 7213.907715 -574.692566 6664.196289
1.770000 25.423655 -8596.272461 -952.081909 -9522.930664
1.790000 25.130533 -4761.667480 1194.439697 -3542.097412
1.810000 24.602533 -4350.905762 1652.887817 -2673.415527
1.830000 24.682123 -3686.310791 1476.971924 -2184.656738
1.850000 24.874298 -508.765961 1084.735107 600.843445
1.870000 24.631651 -3853.109131 825.913269 -3002.564209
1.890000 25.328535 -2827.004395 545.025513 -2256.650391
1.910000 25.136356 -4263.564941 -459.881622 -4698.310547
1.930000 25.808006 -12223.273438 -1347.182495 -13544.648438
1.950000 25.681829 10695.918945 -398.574249 10323.026367
1.970000 25.138298 5454.879883 -1434.716431 4045.301758
1.990000 25.685711 7457.413574 -1490.840820 5992.258301
2.010000 25.959419 4270.779785 126.376343 4423.115723
2.030000 25.887594 -650.448547 -448.866333 -1073.427246
2.050000 25.138298 -1951.391724 -592.348938 -2518.602295
2.070000 24.984945 -2892.172119 -523.320984 -3390.508301
2.090000 25.679888 -846.257812 -808.443970 -1629.021973
2.110000 25.332418 -5621.384766 -1300.028687 -6896.081055
2.130000 25.093651 -2523.265137 -1112.274658 -3610.446045
2.150000 24.940300 -3536.353760 -547.729919 -4059.143555
2.170000 24.887886 -3636.880371 597.295288 -3014.697266
2.190000 25.215946 -4190.287109 630.241699 -3534.829590
2.210000 25.402300 -5253.752441 760.045288 -4468.304688
2.230000 25.514889 -6191.624512 1058.481445 -5107.628418
2.250000 25.363476 -5856.875488 1116.015381 -4715.497070
2.270000 25.501299 -5737.308105 -659.121277 -6370.927734
2.290000 25.359594 -2875.161621 -897.863831 -3747.665771
2.310000 25.188770 -6586.981445 -2120.887695 -8682.679688
2.330000 25.481888 -6395.634277 -2071.916016 -8442.068359
2.350000 25.767242 3859.054688 -1462.794434 2422.027588
2.370000 25.210121 -1951.455322 -2664.032715 -4590.277832
2.390000 25.091713 -354.951569 -1800.188965 -2130.048828
2.410000 25.144123 2128.269043 -1764.623291 388.789795
2.430000 25.025709 -1582.212158 -1134.332886 -2691.519287
2.450000 25.425592 -112.763878 -2074.069824 -2161.408203
2.470000 25.072298 -3666.887451 -3644.880127 -7286.695312
2.490000 25.163532 -3029.075684 -4212.521973 -7216.434082
2.510000 25.307182 -4910.899902 -4569.073242 -9454.666016
2.530000 25.610006 -5180.057617 -4545.588867 -9700.037109
2.550000 25.718712 -6918.351562 -3896.515137 -10789.148438
2.570000 25.126654 559.898010 -3732.980225 -3147.955566
2.590000 25.495476 -5939.813965 -2221.461670 -8135.780273
2.610000 25.144123 -4650.479004 -1582.574951 -6207.910156
2.630000 25.347948 -3607.758545 -1149.729126 -4732.139648
2.650000 25.142181 -2595.650635 -696.262085 -3266.770508
2.670000 25.817713 -4809.385254 -1664.315063 -6447.882324
2.690000 25.540123 -3792.324951 -1037.619751 -4804.404785
2.710000 25.569241 1895.565674 716.831421 2637.966309
2.730000 24.837416 -3310.544189 609.250366 -2676.456543
2.750000 25.058710 1779.755859 326.167053 2130.981689
2.770000 25.301359 -5925.818848 641.017639 -5259.500000
2.790000 25.210121 -2132.527344 1394.102539 -713.214600
2.810000 25.142181 -5104.012695 464.198853 -4614.671875
2.830000 25.371241 -3580.421143 -42.837681 -3597.887451
2.850000 25.087830 -1824.109985 152.529648 -1646.492554
2.870000 25.221769 -3210.685547 -547.583923 -3733.047852
2.890000 25.089771 -2583.088379 -762.739258 -3320.737793
2.910000 25.266417 -528.786255 -2458.858398 -2962.378174
2.930000 25.509064 49.596935 -2936.094238 -2860.988281
2.950000 25.400358 -5223.597168 -2336.337646 -7534.534180
2.970000 25.311066 -5247.879883 -1990.338745 -7212.907715
2.990000 25.089771 -4541.404297 -2227.085205 -6743.399414
3.010000 25.371241 -4830.198242 -2406.936279 -7211.763672
3.030000 25.134417 -7030.939941 -4221.723633 -11227.529297
3.050000 25.161594 -1416.396729 -3315.679443 -4706.914551
3.070000 24.920887 6226.028320 -2688.925293 3562.023926
3.090000 25.058710 -1771.661987 -2939.659912 -4686.263184
3.110000 25.313007 1105.653687 -2222.612793 -1091.646118
3.130000 25.773066 4739.393555 -1637.318359 3127.848145
3.150000 25.297476 5793.538574 -1765.022949 4053.812988
3.170000 25.142181 2119.059570 -1925.466553 218.735107
3.190000 25.340183 -2846.434570 -1449.902954 -4270.997559
3.210000 25.126654 157.917191 170.012146 353.055969
3.230000 25.206240 4210.860352 -71.006813 4165.059570
3.250000 25.078123 -2577.230957 1808.247070 -743.905762
3.270000 25.433357 10284.282227 1663.653198 11973.369141
3.290000 24.963593 -5638.850586 1098.331543 -4515.555664
3.310000 25.369299 1366.784668 2614.100830 4006.254883
3.330000 25.169357 120.236382 2328.191895 2473.597656
3.350000 24.835474 -1320.072876 2483.706787 1188.469360
3.370000 25.505182 -1573.630371 1718.585815 170.460571
3.390000 24.959711 -1928.882935 2137.375977 233.452759
3.410000 24.934475 -5907.534668 1398.888794 -4483.711426
3.430000 24.804415 -1460.520142 1474.351685 38.635986
3.450000 25.163532 -911.696960 2087.628174 1201.094727
3.470000 25.210121 -4114.886719 1481.194092 -2608.482422
3.490000 25.544004 -1306.256836 1446.433594 165.720703
3.510000 25.314945 1745.715454 -505.012238 1266.018188
3.530000 25.031534 -4275.110352 -885.149292 -5135.228027
3.550000 25.303301 2621.614746 -1239.429443 1407.488525
3.570000 24.786945 -2714.785889 -2327.519043 -5017.518066
3.590000 25.136356 -7779.041992 -2650.327637 -10404.233398
3.610000 24.998533 -5048.049316 -2770.316406 -7793.367188
3.630000 25.289711 -5423.574219 -3668.397705 -9066.682617
3.650000 25.460533 -2082.876221 -3084.955078 -5142.371094
3.670000 24.686003 -1708.820923 -2541.725586 -4225.860352
3.690000 24.662710 528.201721 -2483.381836 -1930.517334
3.710000 24.831591 4824.922363 -2759.026855 2090.727051
3.730000 25.085888 160.388931 -2682.793213 -2497.318359
3.750000 24.973299 1839.453491 -2275.954834 -411.528076
3.770000 24.800533 1523.351196 -1500.132568 48.019165
3.790000 24.781122 3158.939697 -2822.526367 361.194336
3.810000 24.474415 873.805359 -2405.941650 -1507.661865
3.830000 24.649120 -521.656250 -476.858063 -973.865234
3.850000 24.763651 11061.250977 -850.930908 10235.083984
3.870000 24.783064 -861.559692 -1636.641113 -2473.417725
3.890000 24.076473 1489.555664 -1929.839478 -416.207397
3.910000 24.196827 494.429871 -1977.267212 -1458.640503
3.930000 24.340473 3287.162842 -1580.824463 1730.678955
3.950000 23.785295 2596.791748 -1968.048218 652.528931
3.970000 24.078415 8749.553711 -1326.616577 7447.015137
3.990000 23.496058 3722.604492 -2142.534668 1603.565918
4.010000 23.907589 1162.696655 -67.694038 1118.910156
4.030000 23.771708 24.637430 397.949738 446.358887
4.050000 23.352411 -4707.440430 586.457581 -4097.630371
4.070000 23.037941 -356.508820 -370.627045 -704.097900
4.090000 23.148588 -4942.166992 298.255554 -4620.763184
4.110000 22.950586 -4497.587891 -1248.423828 -5723.061035
4.130000 22.692410 -5342.052246 -1221.550781 -6540.910645
4.150000 22.465292 -6607.874023 -283.652618 -6869.061523
4.170000 22.216822 -5484.187500 -516.841248 -5978.812012
4.190000 21.568466 -2724.435303 -696.280090 -3399.146973
4.210000 21.069582 -4804.722168 151.535538 -4632.116699
4.230000 20.902641 -3436.658203 111.234169 -3304.521484
4.250000 20.475580 -4586.522949 -226.003403 -4792.050781
4.270000 20.500818 -3881.499268 -1173.765869 -5034.764648
4.290000 19.877697 -3359.975342 -478.088043 -3818.185791
4.310000 19.363283 229.012131 -829.260864 -580.885437
4.330000 18.359694 -2522.501709 -1518.372314 -4022.514404
4.350000 18.276222 -2252.236816 -2163.274658 -4397.235352
4.370000 17.478397 -6145.178223 -2681.833984 -8809.533203
4.390000 16.787336 -5937.852539 -2568.004639 -8489.070312
4.410000 15.867217 -5645.680664 -2860.767334 -8490.581055
4.430000 15.461510 -5895.716309 -3247.717041 -9127.971680
4.450000 14.780156 -728.589050 -2696.175293 -3409.984131
4.470000 13.982329 -2576.002686 -2754.215576 -5316.235840
4.490000 12.596327 -2669.231934 -2710.277588 -5366.913086
4.510000 12.316796 -987.690491 -3254.958984 -4230.332520
4.530000 11.678146 12375.564453 -2895.445801 9491.796875
4.550000 10.802674 6175.651855 -1941.231689 4245.222656
4.570000 10.158201 -3129.520752 -2167.204834 -5286.567383
4.590000 9.131317 -3887.966553 -1914.625122 -5793.460449
4.610000 8.362610 -570.361694 -1635.009766 -2197.008789
4.630000 7.690960 -1994.414673 -1461.477783 -3448.201660
4.650000 7.164900 -2300.282959 -956.617188 -3249.735352
4.670000 6.337957 -1474.083862 -810.509277 -2278.255127
4.690000 5.788602 -1946.622803 -519.837158 -2460.671387
4.710000 5.177131 -1776.764648 -52.138622 -1823.726196
4.730000 4.753953 -2134.502197 -157.187973 -2286.936279
4.750000 4.132775 -1302.153442 90.741302 -1207.279297
4.770000 3.785303 -737.664551 139.609650 -594.269653
4.790000 3.348538 -670.589050 50.103779 -617.136780
4.810000 2.942831 -645.757935 42.433975 -600.381165
4.830000 2.585654 -645.757935 42.433975 -600.738342
4.850000 2.201300 -460.152740 -633.897339 -1091.848755
4.870000 1.981946 -737.365662 -626.232544 -1361.616211
4.890000 1.673298 -737.365662 -626.232544 -1361.924927
4.910000 1.597592 -737.365662 -626.232544 -1362.000610
4.930000 1.380180 -703.772827 -550.139282 -1252.531982
4.950000 1.246239 -399.603912 -139.513992 -537.871643
4.970000 1.133650 -269.641754 -25.338449 -293.846558
4.990000 0.929825 -189.046158 18.494633 -169.621704
5.010000 0.768708 -189.046158 18.494633 -169.782822
5.030000 0.667766 -189.046158 18.494633 -169.883759
5.050000 0.594001 -0.326087 -0.919466 -0.651552
5.070000 0.543530 -0.326087 -0.919466 -0.702023
5.090000 0.485296 -0.326087 -0.919466 -0.760258
5.110000 0.483354 -0.326087 -0.919466 -0.762199
5.130000 0.434825 -0.326087 -0.919466 -0.810729
5.150000 0.376590 -0.326087 -0.919466 -0.868963
5.170000 0.283412 -0.326087 -0.919466 -0.962141
5.190000 0.246530 -0.326087 -0.919466 -0.999024
5.210000 0.316412 -0.326087 -0.919466 -0.929141
5.230000 0.304766 -0.326087 -0.919466 -0.940788
5.250000 0.304766 -0.326087 -0.919466 -0.940788
5.270000 0.289236 -0.326087 -0.919466 -0.956317
5.290000 0.291177 -0.326087 -0.919466 -0.954376
5.310000 0.318354 -0.326087 -0.919466 -0.927199
5.330000 0.264001 -0.326087 -0.919466 -0.981552
5.350000 0.213530 -0.326087 -0.919466 -1.032023
5.370000 0.265942 -0.326087 -0.919466 -0.979611
5.390000 0.223236 -0.326087 -0.919466 -1.022317
5.410000 0.221295 -0.326087 -0.919466 -1.024258
5.430000 0.180530 -0.326087 -0.919466 -1.065023
5.450000 0.176647 -0.326087 -0.919466 -1.068906
5.470000 0.186353 -0.326087 -0.919466 -1.059200
5.490000 0.186353 -0.326087 -0.919466 -1.059200
5.510000 0.176647 -0.326087 -0.919466 -1.068906
5.530000 0.194118 -0.326087 -0.919466 -1.051435
5.550000 0.182472 -0.326087 -0.919466 -1.063082
5.570000 0.213530 -0.326087 -0.919466 -1.032023
5.590000 0.178588 -0.326087 -0.919466 -1.066965
5.610000 0.151412 -0.326087 -0.919466 -1.094141
5.630000 0.172765 -0.155124 -0.139827 -0.122185
5.650000 0.168883 -0.155124 -0.139827 -0.126067
5.670000 0.165000 -0.155124 -0.139827 -0.129950
5.690000 0.192177 -0.155124 -0.139827 -0.102774
5.710000 0.196060 -0.155124 -0.139827 -0.098891
5.730000 0.159177 -0.155124 -0.139827 -0.135774
5.750000 0.165000 -0.155124 -0.139827 -0.129950
5.770000 0.155295 -0.155124 -0.139827 -0.139655
5.790000 0.166942 -0.155124 -0.139827 -0.128009
5.810000 0.203825 -0.155124 -0.139827 -0.091126
5.830000 0.161118 -0.155124 -0.139827 -0.133832
5.850000 0.163059 -0.155124 -0.139827 -0.131892
5.870000 0.153354 -0.155124 -0.139827 -0.141597
5.890000 0.137824 -0.155124 -0.139827 -0.157127
5.910000 0.170824 -0.155124 -0.139827 -0.124127
5.930000 0.135882 -0.155124 -0.139827 -0.159068
5.950000 0.174707 -0.155124 -0.139827 -0.120244
5.970000 0.145589 -0.155124 -0.139827 -0.149362
5.990000 0.163059 -0.155124 -0.139827 -0.131892
6.010000 0.143647 -0.155124 -0.139827 -0.151303
6.030000 0.182472 -0.155124 -0.139827 -0.112479
6.050000 0.163059 -0.155124 -0.139827 -0.131892
6.070000 0.192177 -0.155124 -0.139827 -0.102774
6.090000 0.130059 -0.155124 -0.139827 -0.164892
6.110000 0.155295 24.379322 68.618973 93.153587
6.130000 0.143647 24.379322 68.618973 93.141937
6.150000 0.124236 24.379322 68.618973 93.122528
6.170000 0.161118 24.379322 68.618973 93.159409
6.190000 0.128117 24.379322 68.618973 93.126411
6.210000 0.147530 24.379322 68.618973 93.145828
6.230000 0.157235 24.379322 68.618973 93.155533
6.250000 0.149470 24.379322 68.618973 93.147766
6.270000 0.149470 24.379322 68.618973 93.147766
6.290000 0.145589 24.379322 68.618973 93.143883
6.310000 0.163059 24.379322 68.618973 93.161354
6.330000 0.157235 -0.048020 -0.070719 0.038496
6.350000 0.145589 -0.048020 -0.070719 0.026850
6.370000 0.155295 -0.048020 -0.070719 0.036556
6.390000 0.151412 -0.048020 -0.070719 0.032673
6.410000 0.165000 -0.048020 -0.070719 0.046261
6.430000 0.155295 -0.048020 -0.070719 0.036556
6.450000 0.132000 -0.048020 -0.070719 0.013262
6.470000 0.196060 -0.048020 -0.070719 0.077321
6.490000 0.205765 -0.048020 -0.070719 0.087026
6.510000 0.192177 -0.048020 -0.070719 0.073438
6.530000 0.186353 -0.048020 -0.070719 0.067614
6.550000 0.201883 -0.048020 -0.070719 0.083144
6.570000 0.194118 -0.048020 -0.070719 0.075379
6.590000 0.145589 -0.048020 -0.070719 0.026850
6.610000 0.147530 -0.048020 -0.070719 0.028791
6.630000 0.163059 -0.048020 -0.070719 0.044320
6.650000 0.155295 -0.048020 -0.070719 0.036556
6.670000 0.147530 -0.048020 -0.070719 0.028791
6.690000 0.149470 -0.048020 -0.070719 0.030732
6.710000 0.159177 -0.048020 -0.070719 0.040438
6.730000 0.153354 -0.048020 -0.070719 0.034615
6.750000 0.147530 -0.048020 -0.070719 0.028791
6.770000 0.135882 -0.048020 -0.070719 0.017143
6.790000 0.145589 -0.048020 -0.070719 0.026850
6.810000 0.145589 -0.048020 -0.070719 0.026850
6.830000 0.151412 -0.048020 -0.070719 0.032673
6.850000 0.151412 -0.048020 -0.070719 0.032673
6.870000 0.133942 -0.048020 -0.070719 0.015203
6.890000 0.145589 -0.048020 -0.070719 0.026850
6.910000 0.163059 -0.048020 -0.070719 0.044320
6.930000 0.139765 -0.048020 -0.070719 0.021026
6.950000 0.176647 -0.048020 -0.070719 0.057908
6.970000 0.153354 -0.048020 -0.070719 0.034615
6.990000 0.176647 -0.048020 -0.070719 0.057908
7.010000 0.157235 -0.048020 -0.070719 0.038496
7.030000 0.163059 -0.048020 -0.070719 0.044320
7.050000 0.128117 -0.048020 -0.070719 0.009378
7.070000 0.184412 -0.048020 -0.070719 0.065673
7.090000 0.141706 -0.048020 -0.070719 0.022967
7.110000 0.165000 -0.048020 -0.070719 0.046261
7.130000 0.168883 -0.048020 -0.070719 0.050144
7.150000 0.133942 -0.048020 -0.070719 0.015203
7.170000 0.143647 0.000000 0.000000 0.143647
7.190000 0.155295 0.000000 0.000000 0.155295
7.210000 0.180530 0.000000 0.000000 0.180530
7.230000 0.151412 0.000000 0.000000 0.151412
7.250000 0.168883 0.000000 0.000000 0.168883
7.270000 0.145589 0.000000 0.000000 0.145589
7.290000 0.149470 0.000000 0.000000 0.149470
7.310000 0.159177 0.000000 0.000000 0.159177
7.330000 0.151412 0.000000 0.000000 0.151412
7.350000 0.149470 0.000000 0.000000 0.149470
7.370000 0.161118 0.000000 0.000000 0.161118
7.390000 0.151412 0.000000 0.000000 0.151412
7.410000 0.116471 0.000000 0.000000 0.116471
7.430000 0.174707 0.000000 0.000000 0.174707
7.450000 0.137824 0.000000 0.000000 0.137824
7.470000 0.135882 0.000000 0.000000 0.135882
7.490000 0.139765 0.000000 0.000000 0.139765
7.510000 0.135882 0.000000 0.000000 0.135882
7.530000 0.159177 0.000000 0.000000 0.159177
7.550000 0.114529 0.000000 0.000000 0.114529
7.570000 0.130059 0.000000 0.000000 0.130059
7.590000 0.139765 0.000000 0.000000 0.139765
7.610000 0.130059 0.000000 0.000000 0.130059
7.630000 0.124236 0.000000 0.000000 0.124236
7.650000 0.139765 0.000000 0.000000 0.139765
7.670000 0.122294 0.000000 0.000000 0.122294
7.690000 0.130059 0.000000 0.000000 0.130059
7.710000 0.132000 0.000000 0.000000 0.132000
7.730000 0.126177 0.000000 0.000000 0.126177
7.750000 0.132000 0.000000 0.000000 0.132000
7.770000 0.116471 0.000000 0.000000 0.116471
7.790000 0.124236 0.000000 0.000000 0.124236
7.810000 0.122294 0.000000 0.000000 0.122294
7.830000 0.124236 0.000000 0.000000 0.124236
7.850000 0.128117 0.000000 0.000000 0.128117
7.870000 0.128117 0.000000 0.000000 0.128117
7.890000 0.147530 0.000000 0.000000 0.147530
7.910000 0.130059 0.000000 0.000000 0.130059
7.930000 0.147530 0.000000 0.000000 0.147530
7.950000 0.132000 0.000000 0.000000 0.132000
7.970000 0.114529 0.000000 0.000000 0.114529
7.990000 0.141706 0.000000 0.000000 0.141706
